#SBATCH -N 1
#SBATCH -t 10:00
#SBATCH -c 28
# export KMP_AFFINITY=compact
#    srun -n 1 numactl -m 1 ./stream.omp.AVX2.18M.20x.icc
#n copy                              scale                              add                                triad
#Best MB/s Avg time Min time Max time
1 13189.8 0.021856 0.021835 0.021961 12990.6 0.022203 0.022170 0.022235 12798.8 0.033777 0.033753 0.033933 12784.4 0.033812 0.033791 0.033854
2 17223.8 0.016787 0.016721 0.017246 17219.7 0.016797 0.016725 0.017059 17509.7 0.024728 0.024672 0.024786 17548.2 0.024711 0.024618 0.025122
3 18717.0 0.015436 0.015387 0.015468 18661.2 0.015473 0.015433 0.015521 19120.9 0.022684 0.022593 0.022721 19135.5 0.022646 0.022576 0.022721
4 19442.5 0.014847 0.014813 0.014949 19384.7 0.014898 0.014857 0.015051 19814.7 0.021863 0.021802 0.021977 19839.3 0.021819 0.021775 0.021919
5 19976.2 0.014436 0.014417 0.014521 19940.2 0.014473 0.014443 0.014513 20326.7 0.021299 0.021253 0.021358 20303.4 0.021316 0.021277 0.021377
6 20273.2 0.014228 0.014206 0.014264 20250.4 0.014241 0.014222 0.014277 20658.1 0.020951 0.020912 0.020988 20698.7 0.020898 0.020871 0.020974
7 20554.0 0.014033 0.014012 0.014063 20563.8 0.014020 0.014005 0.014040 20922.1 0.020681 0.020648 0.020732 20912.0 0.020692 0.020658 0.020749
8 20753.9 0.013909 0.013877 0.013953 20723.6 0.013922 0.013897 0.013947 21117.4 0.020488 0.020457 0.020517 21098.0 0.020507 0.020476 0.020532
9 20925.7 0.013791 0.013763 0.013837 20844.1 0.013835 0.013817 0.013873 21222.1 0.020399 0.020356 0.020426 21172.5 0.020428 0.020404 0.020464
10 21103.4 0.013676 0.013647 0.013692 20965.3 0.013753 0.013737 0.013789 21427.6 0.020194 0.020161 0.020243 21342.8 0.020269 0.020241 0.020309
11 21170.0 0.013628 0.013604 0.013650 21106.7 0.013670 0.013645 0.013688 21552.5 0.020087 0.020044 0.020129 21519.5 0.020102 0.020075 0.020127
12 21181.1 0.013632 0.013597 0.013660 21142.2 0.013654 0.013622 0.013685 21564.5 0.020059 0.020033 0.020083 21562.2 0.020057 0.020035 0.020080
13 21154.8 0.013630 0.013614 0.013659 21156.3 0.013636 0.013613 0.013663 21578.4 0.020050 0.020020 0.020088 21610.8 0.020012 0.019990 0.020051
14 21167.0 0.013622 0.013606 0.013652 21186.0 0.013609 0.013594 0.013624 21534.3 0.020081 0.020061 0.020115 21613.2 0.020020 0.019988 0.020058
15 22646.8 0.012737 0.012717 0.012763 22597.3 0.012765 0.012745 0.012790 23101.5 0.018736 0.018700 0.018783 23091.7 0.018753 0.018708 0.018798
16 23979.8 0.012030 0.012010 0.012056 23988.4 0.012025 0.012006 0.012059 24581.7 0.017599 0.017574 0.017632 24647.9 0.017564 0.017527 0.017589
17 25190.5 0.011450 0.011433 0.011480 25141.7 0.011476 0.011455 0.011499 25801.9 0.016766 0.016743 0.016786 25869.7 0.016730 0.016699 0.016751
18 26301.2 0.010974 0.010950 0.011002 26265.1 0.010983 0.010965 0.011010 26957.8 0.016051 0.016025 0.016092 26939.7 0.016068 0.016036 0.016201
19 27301.0 0.010573 0.010549 0.010598 27283.1 0.010572 0.010556 0.010592 28070.3 0.015409 0.015390 0.015437 28081.2 0.015407 0.015384 0.015430
20 28382.5 0.010173 0.010147 0.010197 28307.4 0.010202 0.010174 0.010214 29200.8 0.014826 0.014794 0.014861 29141.6 0.014843 0.014824 0.014879
21 29382.2 0.009813 0.009802 0.009832 29340.1 0.009837 0.009816 0.009861 30269.1 0.014310 0.014272 0.014418 30309.1 0.014295 0.014253 0.014318
22 30347.7 0.009514 0.009490 0.009569 30376.7 0.009506 0.009481 0.009554 31274.8 0.013837 0.013813 0.013875 31340.8 0.013811 0.013784 0.013848
23 31355.2 0.009203 0.009185 0.009229 31308.1 0.009212 0.009199 0.009236 32337.6 0.013382 0.013359 0.013404 32275.4 0.013409 0.013385 0.013423
24 32171.1 0.008973 0.008952 0.008998 32308.8 0.008930 0.008914 0.008950 33286.9 0.012992 0.012978 0.013016 33470.1 0.012930 0.012907 0.012957
25 33191.2 0.008698 0.008677 0.008712 33157.5 0.008697 0.008686 0.008710 34334.6 0.012600 0.012582 0.012626 34389.3 0.012582 0.012562 0.012603
26 34047.2 0.008479 0.008459 0.008498 33974.4 0.008489 0.008477 0.008518 35265.5 0.012272 0.012250 0.012291 35207.9 0.012292 0.012270 0.012321
27 34883.9 0.008267 0.008256 0.008282 35003.2 0.008251 0.008228 0.008277 36332.5 0.011926 0.011890 0.011943 36394.6 0.011891 0.011870 0.011913
28 35923.4 0.013504 0.008017 0.023151 35590.0 0.009150 0.008092 0.011658 37209.2 0.012517 0.011610 0.022862 37254.3 0.014246 0.011596 0.025744
