#SBATCH -N 1
#SBATCH --ntasks-per-node=28
#SBATCH -t 10:00
#n copy                              scale                              add                                triad
#Best MB/s Avg time Min time Max time
1 18426.1 0.015655 0.015630 0.015702 18180.7 0.015880 0.015841 0.015939 17054.2 0.025364 0.025331 0.025454 17046.8 0.025379 0.025342 0.025452
2 35494.8 0.010871 0.008114 0.011311 35238.0 0.010767 0.008173 0.011464 31333.8 0.017955 0.013787 0.039217 33128.7 0.016932 0.013040 0.020866
3 52584.0 0.007332 0.005477 0.007727 51474.8 0.007414 0.005595 0.007794 49292.4 0.011313 0.008764 0.011834 48708.0 0.011461 0.008869 0.011877
4 68813.9 0.004228 0.004185 0.004318 68373.8 0.004253 0.004212 0.004320 64162.2 0.006800 0.006733 0.006888 63924.5 0.006825 0.006758 0.006925
5 79581.0 0.004623 0.003619 0.005056 77269.8 0.004657 0.003727 0.005053 73947.7 0.007268 0.005842 0.007654 73986.9 0.007273 0.005839 0.007684
6 94092.5 0.003089 0.003061 0.003146 91832.1 0.003170 0.003136 0.003223 87860.1 0.004954 0.004917 0.005027 88000.9 0.004944 0.004909 0.004984
7 94209.9 0.003302 0.003057 0.003883 94394.0 0.003320 0.003051 0.003857 92427.0 0.005100 0.004674 0.005962 92032.7 0.005110 0.004694 0.005943
8 91776.3 0.003180 0.003138 0.003428 90422.9 0.003255 0.003185 0.003721 90335.0 0.004853 0.004782 0.005602 90263.0 0.004850 0.004786 0.005617
9 97165.3 0.003239 0.002964 0.003490 97691.8 0.003273 0.002948 0.003542 96709.0 0.004953 0.004467 0.005326 96129.2 0.004960 0.004494 0.005354
10 107498.4 0.002696 0.002679 0.002719 102674.0 0.002824 0.002805 0.002850 105082.6 0.004140 0.004111 0.004185 104960.9 0.004136 0.004116 0.004175
11 104341.3 0.002957 0.002760 0.003101 105186.3 0.003006 0.002738 0.003195 102659.5 0.004498 0.004208 0.004714 104500.8 0.004481 0.004134 0.004699
12 109714.8 0.002648 0.002625 0.002668 111066.5 0.002607 0.002593 0.002619 111744.6 0.003882 0.003866 0.003900 111827.4 0.003875 0.003863 0.003887
13 103121.0 0.002806 0.002793 0.002818 101194.6 0.002859 0.002846 0.002876 103003.8 0.004217 0.004194 0.004234 103474.3 0.004190 0.004175 0.004212
14 100420.6 0.002904 0.002868 0.002937 98264.0 0.002944 0.002931 0.002963 102711.8 0.004252 0.004206 0.004306 102294.3 0.004245 0.004223 0.004265
15 99790.1 0.002940 0.002886 0.002994 102196.2 0.002859 0.002818 0.002912 102583.9 0.004293 0.004211 0.004395 102323.2 0.004277 0.004222 0.004417
16 97723.4 0.002977 0.002947 0.003028 100378.9 0.002877 0.002869 0.002888 100096.1 0.004327 0.004316 0.004347 100046.3 0.004330 0.004318 0.004346
17 88482.2 0.003359 0.003255 0.003538 88423.9 0.003337 0.003257 0.003487 92304.6 0.004849 0.004680 0.005133 91198.9 0.004870 0.004737 0.005083
18 105498.7 0.002736 0.002730 0.002748 105803.6 0.002729 0.002722 0.002741 108266.0 0.004000 0.003990 0.004019 109172.7 0.003967 0.003957 0.003978
19 97063.8 0.003077 0.002967 0.003112 94055.9 0.003168 0.003062 0.003207 100068.4 0.004494 0.004317 0.004542 99814.9 0.004472 0.004328 0.004528
20 105572.4 0.002749 0.002728 0.002874 106082.3 0.002740 0.002715 0.002840 109370.4 0.003975 0.003950 0.004181 109172.7 0.003990 0.003957 0.004199
21 97660.2 0.002965 0.002949 0.002986 97691.8 0.002986 0.002948 0.003016 100747.3 0.004338 0.004288 0.004375 100585.1 0.004343 0.004295 0.004376
22 95649.7 0.003067 0.003011 0.003119 98996.8 0.002990 0.002909 0.003108 100395.6 0.004403 0.004303 0.004544 100579.5 0.004408 0.004295 0.004560
23 100983.1 0.002868 0.002852 0.002887 95528.6 0.003025 0.003015 0.003033 102566.5 0.004235 0.004212 0.004249 105677.1 0.004097 0.004088 0.004112
24 105572.4 0.002793 0.002728 0.002848 98867.2 0.002925 0.002913 0.002936 107924.2 0.004074 0.004003 0.004143 107031.7 0.004072 0.004036 0.004112
25 90368.8 0.003209 0.003187 0.003231 91166.8 0.003170 0.003159 0.003181 94697.4 0.004576 0.004562 0.004600 95405.4 0.004549 0.004528 0.004566
26 110822.0 0.002634 0.002599 0.002728 109386.9 0.002650 0.002633 0.002750 113295.8 0.003859 0.003813 0.003995 113686.7 0.003834 0.003800 0.003924
27 92281.1 0.003132 0.003121 0.003146 93084.7 0.003128 0.003094 0.003148 97673.4 0.004442 0.004423 0.004461 97979.7 0.004430 0.004409 0.004445
28 109179.3 0.002656 0.002638 0.002673 105961.4 0.002737 0.002718 0.002758 111339.5 0.003900 0.003880 0.003944 111861.9 0.003878 0.003862 0.003899
