#n copy                              scale                              add                                triad
#Best MB/s Avg time Min time Max time
1 18639.6 0.015469 0.015451 0.015527 18311.3 0.015761 0.015728 0.015841 17227.0 0.025136 0.025077 0.025312 17194.7 0.025161 0.025124 0.025259
2 35977.9 0.008033 0.008005 0.008152 35350.4 0.008161 0.008147 0.008175 33269.2 0.013008 0.012985 0.013049 33157.2 0.013054 0.013029 0.013120
3 48853.8 0.005910 0.005895 0.005973 49012.4 0.005899 0.005876 0.005931 45883.5 0.009447 0.009415 0.009475 45903.3 0.009435 0.009411 0.009475
4 55610.0 0.005209 0.005179 0.005240 55792.3 0.005188 0.005162 0.005221 53287.6 0.008158 0.008107 0.008200 53136.1 0.008158 0.008130 0.008207
5 57703.2 0.005008 0.004991 0.005022 58016.4 0.004990 0.004964 0.005015 56766.8 0.007650 0.007610 0.007730 56781.0 0.007632 0.007608 0.007669
6 59100.7 0.004897 0.004873 0.004912 58956.5 0.004911 0.004885 0.004932 58400.7 0.007428 0.007397 0.007450 58402.6 0.007420 0.007397 0.007432
7 59702.4 0.004860 0.004824 0.004888 59826.6 0.004843 0.004814 0.004865 59536.7 0.007284 0.007256 0.007304 59807.9 0.007241 0.007223 0.007272
8 59814.8 0.004837 0.004815 0.004870 59726.1 0.004844 0.004822 0.004870 60135.4 0.007202 0.007184 0.007229 60309.5 0.007184 0.007163 0.007211
9 59248.6 0.004878 0.004861 0.004890 58930.6 0.004896 0.004887 0.004908 60581.7 0.007143 0.007131 0.007174 60648.7 0.007140 0.007123 0.007157
10 59637.6 0.004853 0.004829 0.004878 59764.5 0.004843 0.004819 0.004867 60932.1 0.007103 0.007090 0.007120 61181.1 0.007087 0.007061 0.007105
11 59823.7 0.004831 0.004814 0.004865 59356.3 0.004872 0.004852 0.004891 61086.2 0.007103 0.007072 0.007126 60956.7 0.007119 0.007087 0.007144
12 59865.2 0.004832 0.004811 0.004853 59405.9 0.004865 0.004848 0.004885 61051.2 0.007092 0.007076 0.007111 61164.6 0.007083 0.007063 0.007101
13 59963.2 0.004819 0.004803 0.004831 58787.2 0.004915 0.004899 0.004937 61197.6 0.007078 0.007059 0.007095 61199.7 0.007081 0.007059 0.007093
14 59429.3 0.004856 0.004846 0.004873 58810.1 0.004915 0.004897 0.004934 60948.5 0.007102 0.007088 0.007127 61008.1 0.007099 0.007081 0.007114
15 59040.1 0.004894 0.004878 0.004910 58907.6 0.004900 0.004889 0.004918 62625.4 0.006910 0.006898 0.006926 62964.8 0.006886 0.006861 0.006908
16 59432.2 0.004860 0.004846 0.004884 59333.0 0.004868 0.004854 0.004883 63811.9 0.006786 0.006770 0.006811 64085.0 0.006764 0.006741 0.006778
17 59702.4 0.004835 0.004824 0.004851 58884.6 0.004911 0.004891 0.004931 63416.6 0.006828 0.006812 0.006845 63811.9 0.006789 0.006770 0.006805
18 55913.7 0.005187 0.005151 0.005230 55183.2 0.005247 0.005219 0.005300 58553.5 0.007424 0.007378 0.007508 58269.2 0.007480 0.007414 0.007552
19 51650.9 0.005603 0.005576 0.005645 50910.8 0.005689 0.005657 0.005724 53459.0 0.008108 0.008081 0.008143 53512.7 0.008118 0.008073 0.008205
20 48208.5 0.005992 0.005974 0.006007 48039.8 0.006007 0.005995 0.006027 50484.5 0.008581 0.008557 0.008605 50342.8 0.008603 0.008581 0.008630
21 45211.5 0.006390 0.006370 0.006420 45461.6 0.006346 0.006335 0.006360 47383.4 0.009137 0.009117 0.009152 47466.5 0.009123 0.009101 0.009140
22 43445.5 0.006648 0.006629 0.006667 43255.7 0.006674 0.006658 0.006701 45340.4 0.009565 0.009528 0.009594 45249.8 0.009567 0.009547 0.009588
23 41672.5 0.006944 0.006911 0.006969 41666.7 0.006929 0.006912 0.006949 43173.3 0.010030 0.010006 0.010085 43395.6 0.009975 0.009955 0.009997
24 40095.6 0.007200 0.007183 0.007226 39833.8 0.007246 0.007230 0.007266 41739.2 0.010375 0.010350 0.010396 41695.0 0.010381 0.010361 0.010411
25 38892.4 0.007423 0.007405 0.007441 38756.4 0.007444 0.007431 0.007464 40403.6 0.010718 0.010692 0.010743 40294.9 0.010748 0.010721 0.010777
26 37641.7 0.007664 0.007651 0.007674 37548.1 0.007682 0.007670 0.007696 39080.7 0.011069 0.011054 0.011086 39144.1 0.011054 0.011036 0.011083
27 36627.0 0.008207 0.007863 0.013996 36628.1 0.007894 0.007863 0.007968 38075.6 0.011377 0.011346 0.011531 38223.3 0.011593 0.011302 0.015964
28 36422.7 0.008328 0.007907 0.013899 36204.4 0.008328 0.007955 0.010511 37733.0 0.011578 0.011449 0.011766 37742.4 0.011589 0.011446 0.011713
