#SBATCH -N 1
#SBATCH -t 10:00
#SBATCH -c 28
#export KMP_AFFINITY=compact
#n copy                              scale                              add                                triad
#Best MB/s Avg time Min time Max time
1 18602.0 0.015579 0.015482 0.016250 18360.3 0.015780 0.015686 0.016430 17223.4 0.025253 0.025082 0.026367 17202.8 0.025332 0.025112 0.026420
2 35870.0 0.008107 0.008029 0.008209 35289.5 0.008229 0.008161 0.008347 33189.3 0.013165 0.013016 0.013372 33098.4 0.013182 0.013052 0.013365
3 48557.3 0.005959 0.005931 0.005976 48763.1 0.005931 0.005906 0.006023 45589.1 0.009527 0.009476 0.009762 45613.2 0.009517 0.009471 0.009853
4 55279.1 0.005238 0.005210 0.005278 54772.8 0.005282 0.005258 0.005312 52877.1 0.008202 0.008170 0.008264 52901.8 0.008188 0.008166 0.008219
5 57634.4 0.005017 0.004997 0.005037 58030.3 0.005008 0.004963 0.005109 56250.4 0.007716 0.007680 0.007739 56264.4 0.007694 0.007678 0.007730
6 59002.6 0.004903 0.004881 0.005050 59528.9 0.004874 0.004838 0.004904 58712.9 0.007380 0.007358 0.007401 58848.3 0.007363 0.007341 0.007429
7 59333.0 0.004867 0.004854 0.004882 59356.3 0.004886 0.004852 0.004932 59536.7 0.007276 0.007256 0.007294 59800.0 0.007252 0.007224 0.007283
8 59678.8 0.004852 0.004826 0.004875 59394.2 0.004896 0.004849 0.004941 60175.3 0.007196 0.007179 0.007217 60235.3 0.007195 0.007172 0.007219
9 59951.3 0.004825 0.004804 0.004845 59405.9 0.004862 0.004848 0.004882 60913.7 0.007106 0.007092 0.007125 60827.8 0.007120 0.007102 0.007156
10 59257.3 0.004871 0.004860 0.004897 59236.9 0.004881 0.004862 0.004905 60758.5 0.007133 0.007110 0.007183 60732.0 0.007132 0.007113 0.007148
11 59637.6 0.004846 0.004829 0.004867 59005.4 0.004897 0.004881 0.004914 60930.1 0.007109 0.007090 0.007130 61067.7 0.007107 0.007074 0.007136
12 59517.1 0.004858 0.004839 0.004895 58942.1 0.004903 0.004886 0.004936 61034.8 0.007097 0.007078 0.007116 60999.8 0.007106 0.007082 0.007132
13 59077.6 0.004902 0.004875 0.005071 59017.0 0.004898 0.004880 0.004913 60750.3 0.007136 0.007111 0.007223 60793.1 0.007122 0.007106 0.007149
14 59077.6 0.004894 0.004875 0.004916 58930.6 0.004901 0.004887 0.004926 60776.8 0.007133 0.007108 0.007189 60664.9 0.007143 0.007121 0.007168
15 63717.7 0.004550 0.004520 0.004575 62705.5 0.004608 0.004593 0.004625 65285.7 0.006641 0.006617 0.006669 65446.0 0.006618 0.006601 0.006642
16 67461.2 0.004290 0.004269 0.004307 67382.1 0.004295 0.004274 0.004308 69465.5 0.006233 0.006219 0.006255 69813.5 0.006211 0.006188 0.006238
17 71945.2 0.004013 0.004003 0.004027 70484.3 0.004107 0.004086 0.004139 73986.9 0.005860 0.005839 0.005882 74174.7 0.005847 0.005824 0.005875
18 76656.9 0.003780 0.003757 0.003798 74940.1 0.003865 0.003843 0.003875 78476.3 0.005524 0.005505 0.005543 78646.6 0.005512 0.005493 0.005532
19 80268.4 0.003611 0.003588 0.003624 79733.3 0.003627 0.003612 0.003650 82823.9 0.005232 0.005216 0.005244 83189.0 0.005213 0.005193 0.005238
20 84137.3 0.003446 0.003423 0.003464 83822.0 0.003450 0.003436 0.003461 86712.3 0.005000 0.004982 0.005021 86745.5 0.004998 0.004980 0.005019
21 88101.5 0.003281 0.003269 0.003296 88475.8 0.003270 0.003255 0.003294 90814.9 0.004773 0.004757 0.004785 91175.9 0.004753 0.004738 0.004773
22 92514.3 0.003134 0.003113 0.003146 91986.0 0.003143 0.003131 0.003158 95234.9 0.004548 0.004536 0.004572 94861.0 0.004569 0.004554 0.004591
23 97565.6 0.002963 0.002952 0.002974 97227.9 0.002974 0.002962 0.002990 100162.5 0.004326 0.004313 0.004379 100024.3 0.004328 0.004319 0.004350
24 100873.4 0.002870 0.002855 0.002888 100312.2 0.002882 0.002871 0.002896 104020.9 0.004167 0.004153 0.004178 104122.5 0.004162 0.004149 0.004188
25 103598.6 0.002794 0.002780 0.002820 104044.8 0.002784 0.002768 0.002865 107278.8 0.004043 0.004027 0.004058 107406.0 0.004039 0.004022 0.004080
26 109844.5 0.002646 0.002622 0.002665 108512.4 0.002680 0.002654 0.002694 112298.7 0.003860 0.003847 0.003874 112263.9 0.003864 0.003848 0.003888
27 113701.0 0.002544 0.002533 0.002557 113658.2 0.002546 0.002534 0.002559 117042.8 0.003702 0.003691 0.003710 117201.8 0.003694 0.003686 0.003703
28 115938.1 0.002495 0.002484 0.002507 115616.3 0.002507 0.002491 0.002535 119308.6 0.003638 0.003621 0.003659 119081.2 0.003644 0.003628 0.003659
