#SBATCH -N 1
#SBATCH --ntasks-per-node=14
#SBATCH --ntasks-per-socket=14
#SBATCH -t 10:00
#n copy                              scale                              add                                triad
#Best MB/s Avg time Min time Max time
1 18271.7 0.015947 0.015762 0.016171 18076.7 0.016125 0.015932 0.016515 16861.1 0.025851 0.025621 0.026255 16822.5 0.025867 0.025680 0.026215
2 35679.3 0.008154 0.008072 0.008334 35499.0 0.008201 0.008113 0.008349 32851.8 0.013206 0.013150 0.013352 32929.4 0.013185 0.013119 0.013323
3 52497.2 0.005578 0.005486 0.005764 52042.5 0.005646 0.005534 0.005813 48989.9 0.008984 0.008818 0.009209 48480.0 0.009002 0.008911 0.009164
4 66222.2 0.004400 0.004349 0.004469 66026.8 0.004434 0.004362 0.004498 61459.2 0.007111 0.007029 0.007203 61714.6 0.007137 0.007000 0.007207
5 78730.3 0.003684 0.003658 0.003774 77562.6 0.003740 0.003713 0.003821 73171.2 0.005945 0.005904 0.006056 72997.3 0.005946 0.005918 0.006019
6 80579.0 0.003612 0.003574 0.003712 80762.2 0.003610 0.003566 0.003711 77307.8 0.005656 0.005588 0.005733 77169.5 0.005654 0.005598 0.005772
7 80924.5 0.003584 0.003559 0.003613 80897.4 0.003589 0.003560 0.003633 78975.7 0.005506 0.005470 0.005543 79134.4 0.005497 0.005459 0.005547
8 87085.3 0.003609 0.003307 0.003831 88534.1 0.003573 0.003253 0.003866 86625.2 0.005482 0.004987 0.005876 86762.1 0.005469 0.004979 0.005897
9 99757.2 0.002914 0.002887 0.002952 99543.4 0.002920 0.002893 0.002949 98721.8 0.004402 0.004376 0.004443 98764.8 0.004408 0.004374 0.004448
10 79955.0 0.003627 0.003602 0.003667 78540.9 0.003695 0.003667 0.003736 79397.9 0.005484 0.005441 0.005549 80206.2 0.005436 0.005386 0.005523
11 101731.5 0.002849 0.002831 0.002874 102674.0 0.002831 0.002805 0.002921 102612.9 0.004240 0.004210 0.004326 103226.8 0.004219 0.004185 0.004239
12 72013.8 0.004131 0.003999 0.004838 70230.2 0.004144 0.004101 0.004196 72701.5 0.006095 0.005942 0.006548 72544.3 0.006026 0.005955 0.006232
13 100629.8 0.004770 0.002862 0.005117 101509.2 0.004620 0.002837 0.005031 101714.3 0.007006 0.004247 0.007517 101863.0 0.006896 0.004241 0.007419
14 82051.3 0.003720 0.003510 0.004138 82095.9 0.003714 0.003508 0.004236 80298.7 0.005633 0.005380 0.006295 81278.4 0.005502 0.005315 0.006265
15 90450.0 0.004938 0.003184 0.012394 91139.2 0.005073 0.003160 0.013018 89606.8 0.007871 0.004821 0.027470 90186.6 0.006659 0.004790 0.012998
16 65217.6 0.005264 0.004416 0.005722 64763.0 0.005374 0.004447 0.005833 59439.0 0.007736 0.007268 0.008213 59065.1 0.007744 0.007314 0.008194
17 55100.1 0.010057 0.005227 0.036901 54227.0 0.009030 0.005311 0.026000 56848.7 0.012190 0.007599 0.026001 56441.4 0.011742 0.007654 0.025999
18 86461.9 0.005554 0.003331 0.017444 84131.5 0.005611 0.003423 0.018014 86143.4 0.008784 0.005015 0.037658 85967.6 0.008787 0.005025 0.040455
19 81082.0 0.004443 0.003552 0.004813 81795.7 0.004474 0.003521 0.004615 81201.9 0.006436 0.005320 0.006687 82552.2 0.006444 0.005233 0.006716
20 74189.9 0.004037 0.003882 0.004254 71621.0 0.004108 0.004021 0.004202 72013.8 0.006134 0.005999 0.006228 73047.3 0.006079 0.005914 0.006231
21 82073.6 0.005383 0.003509 0.008132 74514.8 0.005849 0.003865 0.008334 78558.0 0.008192 0.005499 0.010429 76084.0 0.008636 0.005678 0.013877
22 64836.0 0.005740 0.004442 0.006346 64849.9 0.005857 0.004441 0.006734 54642.3 0.009352 0.007906 0.009892 61803.0 0.008880 0.006990 0.009880
23 83915.2 0.004109 0.003432 0.004859 79539.0 0.004253 0.003621 0.004466 81788.4 0.006459 0.005282 0.007102 76839.0 0.006387 0.005622 0.006863
24 86984.9 0.003658 0.003311 0.004762 85259.7 0.003546 0.003378 0.003705 86053.3 0.005230 0.005020 0.005541 84409.7 0.005350 0.005118 0.005572
25 94675.1 0.004422 0.003042 0.006459 76715.3 0.004788 0.003754 0.005948 90906.0 0.006524 0.004752 0.009484 77307.8 0.007323 0.005588 0.009780
26 78797.1 0.004918 0.003655 0.007268 77314.4 0.004550 0.003725 0.006807 77839.1 0.007841 0.005550 0.010107 80519.9 0.007219 0.005365 0.010019
27 56239.1 0.006780 0.005121 0.010010 55342.4 0.006859 0.005204 0.008618 53552.2 0.010733 0.008067 0.016023 54264.3 0.010276 0.007961 0.015479
28 52901.8 0.008733 0.005444 0.047370 47807.8 0.013135 0.006024 0.132998 61078.0 0.011141 0.007073 0.034289 46946.3 0.009875 0.009202 0.010829
