#n copy                              scale                              add                                triad
#Best MB/s Avg time Min time Max time
1 10157.7 0.028501 0.028353 0.029024 10268.2 0.028202 0.028048 0.028541 13131.5 0.033002 0.032898 0.033193 13131.4 0.032996 0.032898 0.033159
2 20050.1 0.014445 0.014364 0.014539 20288.9 0.014292 0.014195 0.014374 25757.2 0.016846 0.016772 0.016974 25777.3 0.016847 0.016759 0.017456
3 29589.4 0.009774 0.009733 0.009819 29826.2 0.009695 0.009656 0.009749 38082.0 0.011388 0.011344 0.011443 38024.4 0.011397 0.011361 0.011455
4 39039.5 0.007432 0.007377 0.007467 39571.5 0.007332 0.007278 0.007375 49383.8 0.008784 0.008748 0.008826 49677.6 0.008735 0.008696 0.008784
5 47415.6 0.006093 0.006074 0.006109 48145.1 0.006002 0.005982 0.006009 59055.5 0.007331 0.007315 0.007344 59390.3 0.007288 0.007274 0.007307
6 55077.5 0.005238 0.005229 0.005253 56009.6 0.005163 0.005142 0.005175 66738.1 0.006488 0.006473 0.006516 66811.9 0.006494 0.006466 0.006518
7 62121.9 0.004658 0.004636 0.004681 63141.5 0.004583 0.004561 0.004604 72678.2 0.005966 0.005944 0.005994 72631.6 0.005966 0.005948 0.006000
8 67638.7 0.004277 0.004258 0.004296 68180.8 0.004247 0.004224 0.004284 76992.4 0.005634 0.005611 0.005662 77459.8 0.005602 0.005577 0.005626
9 71859.6 0.004026 0.004008 0.004081 72419.6 0.003989 0.003977 0.004000 81143.7 0.005347 0.005324 0.005399 80656.1 0.005366 0.005356 0.005377
10 74381.7 0.003895 0.003872 0.003923 75295.1 0.003838 0.003825 0.003858 83044.1 0.005211 0.005202 0.005225 83804.6 0.005170 0.005155 0.005185
11 76656.9 0.003772 0.003757 0.003788 78089.1 0.003710 0.003688 0.003746 84276.2 0.005144 0.005126 0.005167 84405.8 0.005134 0.005118 0.005161
12 77210.6 0.003753 0.003730 0.003777 77607.4 0.003734 0.003711 0.003766 84571.3 0.005135 0.005108 0.005155 84225.3 0.005157 0.005129 0.005179
13 77732.3 0.003712 0.003705 0.003735 79210.5 0.003652 0.003636 0.003665 84788.9 0.005109 0.005095 0.005119 85323.9 0.005072 0.005063 0.005080
14 77003.9 0.003755 0.003740 0.003776 77983.2 0.003717 0.003693 0.003738 83541.9 0.005180 0.005171 0.005191 82582.3 0.005243 0.005231 0.005261
15 78068.9 0.003714 0.003689 0.003734 77963.1 0.003705 0.003694 0.003715 84405.8 0.005129 0.005118 0.005153 84689.8 0.005112 0.005101 0.005135
16 78433.8 0.003691 0.003672 0.003714 77562.6 0.003735 0.003713 0.003756 84131.5 0.005150 0.005135 0.005167 83932.7 0.005168 0.005147 0.005191
17 75234.2 0.003842 0.003828 0.003860 76371.0 0.003795 0.003771 0.003826 82964.3 0.005217 0.005207 0.005230 82646.4 0.005236 0.005227 0.005245
18 79361.4 0.003643 0.003629 0.003663 79054.9 0.003656 0.003643 0.003672 84737.4 0.005104 0.005098 0.005112 84405.8 0.005125 0.005118 0.005137
19 79013.6 0.003665 0.003645 0.003698 78992.9 0.003655 0.003646 0.003665 84904.1 0.005098 0.005088 0.005107 84421.5 0.005126 0.005117 0.005148
20 76351.7 0.003790 0.003772 0.003912 76984.2 0.003764 0.003741 0.003800 83158.4 0.005208 0.005195 0.005230 83816.2 0.005172 0.005154 0.005335
21 82589.9 0.003500 0.003487 0.003517 82477.1 0.003500 0.003492 0.003522 88890.3 0.004870 0.004860 0.004894 88560.1 0.004886 0.004878 0.004918
22 83717.5 0.003450 0.003440 0.003461 81956.7 0.003528 0.003514 0.003538 91290.8 0.004742 0.004732 0.004756 91720.5 0.004728 0.004710 0.004834
23 72129.9 0.004025 0.003993 0.004046 71077.3 0.004078 0.004052 0.004114 85545.5 0.005065 0.005050 0.005078 86057.4 0.005033 0.005020 0.005048
24 91484.4 0.003164 0.003148 0.003185 92691.8 0.003119 0.003107 0.003128 100046.3 0.004344 0.004318 0.004672 99908.4 0.004336 0.004324 0.004349
25 95144.9 0.003045 0.003027 0.003180 94298.2 0.003067 0.003054 0.003078 103800.4 0.004168 0.004162 0.004176 103250.3 0.004190 0.004184 0.004200
26 99249.0 0.002914 0.002902 0.002940 101586.0 0.002851 0.002835 0.002875 108110.9 0.004000 0.003996 0.004006 108460.4 0.003993 0.003983 0.004023
27 105489.4 0.002741 0.002730 0.002751 104803.0 0.002765 0.002748 0.002783 112766.9 0.003836 0.003831 0.003850 111305.3 0.003906 0.003881 0.004198
28 109595.3 0.002640 0.002628 0.002658 109794.5 0.002637 0.002623 0.002686 118026.3 0.003669 0.003660 0.003676 118971.7 0.003637 0.003631 0.003645
29 114281.9 0.002530 0.002520 0.002538 111538.3 0.002591 0.002582 0.002624 121525.1 0.003562 0.003555 0.003569 121281.1 0.003569 0.003562 0.003575
30 115704.9 0.002501 0.002489 0.002515 117941.8 0.002453 0.002442 0.002464 125333.0 0.003478 0.003447 0.003663 125619.8 0.003446 0.003439 0.003490
31 116688.5 0.002480 0.002468 0.002602 118811.8 0.002436 0.002424 0.002473 128688.9 0.003364 0.003357 0.003370 130515.0 0.003326 0.003310 0.003493
32 120953.2 0.002395 0.002381 0.002423 118613.5 0.002438 0.002428 0.002446 130901.6 0.003308 0.003300 0.003336 132229.4 0.003277 0.003267 0.003306
33 122822.5 0.002358 0.002345 0.002366 125437.1 0.002309 0.002296 0.002318 135300.1 0.003199 0.003193 0.003208 138464.0 0.003126 0.003120 0.003147
34 110771.2 0.002619 0.002600 0.002636 113562.1 0.002551 0.002536 0.002568 131261.9 0.003300 0.003291 0.003312 135593.8 0.003195 0.003186 0.003205
35 132118.5 0.002189 0.002180 0.002200 134202.8 0.002156 0.002146 0.002163 145013.2 0.002990 0.002979 0.003085 144435.2 0.002997 0.002991 0.003002
36 135786.8 0.002131 0.002121 0.002141 139133.8 0.002080 0.002070 0.002088 149487.6 0.002897 0.002890 0.002904 150580.8 0.002874 0.002869 0.002888
37 141248.8 0.002049 0.002039 0.002078 141596.5 0.002046 0.002034 0.002062 155517.9 0.002785 0.002778 0.002794 153619.3 0.002838 0.002812 0.003134
38 140558.5 0.002059 0.002049 0.002084 147600.1 0.002054 0.001951 0.003777 156349.9 0.002775 0.002763 0.002828 158816.7 0.002726 0.002720 0.002732
39 147853.1 0.001978 0.001948 0.002333 148070.6 0.001953 0.001945 0.001960 161924.9 0.002674 0.002668 0.002679 163443.9 0.002649 0.002643 0.002654
40 146490.4 0.001978 0.001966 0.001991 150693.6 0.001920 0.001911 0.001946 163076.2 0.002656 0.002649 0.002662 166937.5 0.002598 0.002588 0.002622
