#SBATCH -N 1
#SBATCH --ntasks-per-node=40
#SBATCH --ntasks-per-socket=20
#SBATCH -t 10:00
#n copy                              scale                              add                                triad
#Best MB/s Avg time Min time Max time
1 10157.7 0.028407 0.028353 0.028579 10263.0 0.028140 0.028062 0.028767 13173.1 0.032827 0.032794 0.032961 13171.1 0.032830 0.032799 0.032871
2 20895.3 0.013821 0.013783 0.013906 20910.2 0.013924 0.013773 0.014974 26899.3 0.016151 0.016060 0.016769 26830.8 0.016126 0.016101 0.016173
3 31399.2 0.009439 0.009172 0.009597 30875.2 0.009460 0.009328 0.009591 40242.1 0.011125 0.010735 0.012756 39488.7 0.011130 0.010940 0.011319
4 40071.6 0.007262 0.007187 0.007330 40128.9 0.007230 0.007177 0.007286 51281.8 0.008505 0.008424 0.008593 50931.5 0.008539 0.008482 0.008608
5 50773.8 0.005749 0.005672 0.005834 50927.9 0.005723 0.005655 0.005786 65147.2 0.006752 0.006631 0.006918 63980.9 0.006817 0.006752 0.006894
6 59248.6 0.004891 0.004861 0.004922 59614.1 0.004884 0.004831 0.004946 75274.8 0.005789 0.005739 0.005919 73797.1 0.005905 0.005854 0.005962
7 65886.3 0.004422 0.004371 0.004539 66175.1 0.004412 0.004352 0.004576 81435.5 0.005455 0.005305 0.005720 81541.8 0.005467 0.005298 0.005740
8 72891.6 0.004012 0.003951 0.004087 74208.1 0.003957 0.003881 0.004071 88305.4 0.005014 0.004892 0.005356 86766.2 0.005084 0.004979 0.005198
9 75252.9 0.003935 0.003827 0.004080 75568.3 0.003923 0.003811 0.004048 85784.5 0.005181 0.005036 0.005513 84405.8 0.005200 0.005118 0.005310
10 86486.7 0.003368 0.003330 0.003516 87864.4 0.003319 0.003278 0.003456 101526.3 0.004315 0.004255 0.004472 101668.7 0.004317 0.004249 0.004529
11 86122.9 0.003358 0.003344 0.003372 86853.6 0.003332 0.003316 0.003360 97170.6 0.004468 0.004446 0.004536 97889.8 0.004424 0.004413 0.004441
12 103006.7 0.002812 0.002796 0.002830 103006.7 0.002819 0.002796 0.002855 120844.3 0.003593 0.003575 0.003623 120868.5 0.003595 0.003574 0.003670
13 111507.4 0.002626 0.002583 0.002758 109130.0 0.002683 0.002639 0.002787 129535.3 0.003419 0.003335 0.003529 128079.4 0.003439 0.003373 0.003541
14 121159.4 0.002390 0.002377 0.002403 118566.9 0.002451 0.002429 0.002520 139048.4 0.003122 0.003107 0.003135 139123.1 0.003128 0.003105 0.003155
15 118137.9 0.002506 0.002438 0.002634 117505.8 0.002511 0.002451 0.002663 134957.5 0.003260 0.003201 0.003468 132558.3 0.003322 0.003259 0.003443
16 112946.2 0.002571 0.002550 0.002640 117689.0 0.002477 0.002447 0.002641 130665.6 0.003331 0.003306 0.003431 130121.3 0.003340 0.003320 0.003455
17 122090.1 0.002381 0.002359 0.002400 120554.8 0.002398 0.002389 0.002410 138856.6 0.003126 0.003111 0.003142 137226.5 0.003167 0.003148 0.003177
18 116083.0 0.002500 0.002481 0.002629 118230.4 0.002459 0.002436 0.002602 133535.2 0.003255 0.003235 0.003392 131787.0 0.003317 0.003278 0.003574
19 131743.9 0.002202 0.002186 0.002215 135330.4 0.002142 0.002128 0.002155 151108.3 0.002871 0.002859 0.002884 150306.0 0.002886 0.002874 0.002901
20 116261.7 0.002491 0.002477 0.002541 114012.2 0.002557 0.002526 0.002726 130000.0 0.003346 0.003323 0.003421 128533.7 0.003374 0.003361 0.003404
21 127664.3 0.002272 0.002256 0.002291 129958.0 0.002227 0.002216 0.002250 142717.3 0.003040 0.003027 0.003053 143519.9 0.003019 0.003010 0.003030
22 111848.1 0.002593 0.002575 0.002669 113338.3 0.002566 0.002541 0.002656 127889.6 0.003404 0.003378 0.003430 126311.6 0.003440 0.003420 0.003493
23 123123.0 0.002406 0.002339 0.002556 102343.4 0.002962 0.002814 0.003191 129341.1 0.003404 0.003340 0.003469 132355.0 0.003375 0.003264 0.003440
24 117175.2 0.002478 0.002458 0.002535 114607.2 0.002555 0.002513 0.002592 138368.8 0.003163 0.003122 0.003196 132713.6 0.003282 0.003255 0.003313
25 99757.2 0.002924 0.002887 0.002992 103376.9 0.002831 0.002786 0.003014 113929.8 0.003812 0.003792 0.003882 115786.3 0.003754 0.003731 0.003805
26 113434.1 0.002548 0.002539 0.002557 112935.6 0.002561 0.002550 0.002574 128762.0 0.003366 0.003355 0.003383 125038.9 0.003464 0.003455 0.003494
27 111796.3 0.002593 0.002576 0.002617 104494.8 0.002769 0.002756 0.002784 126797.7 0.003414 0.003407 0.003425 129341.1 0.003348 0.003340 0.003360
28 118080.1 0.002452 0.002439 0.002471 118276.7 0.002446 0.002435 0.002481 134128.3 0.003232 0.003221 0.003244 136760.5 0.003165 0.003159 0.003179
29 113466.0 0.002551 0.002538 0.002574 117027.7 0.002474 0.002461 0.002487 129221.2 0.003356 0.003343 0.003380 129184.3 0.003354 0.003344 0.003374
30 106306.4 0.002769 0.002709 0.002940 101338.9 0.002895 0.002842 0.003023 119797.6 0.003641 0.003606 0.003722 121143.2 0.003600 0.003566 0.003672
31 105961.4 0.002739 0.002718 0.002797 105998.6 0.002738 0.002717 0.002779 118846.9 0.003646 0.003635 0.003718 119081.2 0.003644 0.003628 0.003691
32 113020.2 0.002647 0.002548 0.002708 121050.2 0.002412 0.002379 0.002478 130205.5 0.003342 0.003318 0.003354 129304.2 0.003359 0.003341 0.003395
33 106710.2 0.002734 0.002699 0.002774 108473.4 0.002704 0.002655 0.002770 120603.0 0.003599 0.003582 0.003622 121753.8 0.003563 0.003548 0.003602
34 94298.2 0.003077 0.003054 0.003101 104921.4 0.002762 0.002745 0.002773 118288.2 0.003669 0.003652 0.003679 112445.0 0.003854 0.003842 0.003868
35 112766.9 0.002597 0.002554 0.003025 105030.8 0.002782 0.002742 0.003118 126461.4 0.003443 0.003416 0.003666 127135.8 0.003408 0.003398 0.003418
36 102525.8 0.002832 0.002809 0.002857 105268.8 0.002757 0.002736 0.002776 124780.6 0.003469 0.003462 0.003477 127242.9 0.003405 0.003395 0.003414
37 103147.4 0.002812 0.002792 0.002835 96838.2 0.002998 0.002974 0.003018 119536.8 0.003634 0.003614 0.003648 121451.8 0.003567 0.003557 0.003579
38 115527.9 0.002506 0.002493 0.002526 121770.1 0.002377 0.002365 0.002388 132355.0 0.003270 0.003264 0.003280 131586.0 0.003293 0.003283 0.003301
39 113840.3 0.002538 0.002530 0.002553 126700.2 0.002286 0.002273 0.002308 137528.6 0.003147 0.003141 0.003152 133456.5 0.003245 0.003237 0.003252
40 120904.8 0.002396 0.002382 0.002410 123665.0 0.002346 0.002329 0.002362 139584.0 0.003100 0.003095 0.003108 138073.6 0.003137 0.003129 0.003142
