#SBATCH -N 1
#SBATCH --ntasks-per-node=40
#SBATCH -t 10:00
#n copy                              scale                              add                                triad
#Best MB/s Avg time Min time Max time
1 10157.7 0.028436 0.028353 0.028626 10264.8 0.028150 0.028057 0.028751 13176.8 0.032852 0.032785 0.032961 13167.6 0.032873 0.032808 0.032990
2 20985.4 0.013757 0.013724 0.013805 20924.3 0.013906 0.013764 0.014871 26916.1 0.016128 0.016050 0.016848 26902.5 0.016091 0.016058 0.016138
3 30957.4 0.009475 0.009303 0.009573 30758.8 0.009491 0.009363 0.009587 39837.7 0.011069 0.010844 0.011204 39456.0 0.011137 0.010949 0.011292
4 40375.7 0.007203 0.007133 0.007321 40160.9 0.007214 0.007171 0.007258 50912.9 0.008543 0.008485 0.008612 50841.5 0.008550 0.008497 0.008621
5 49698.0 0.005812 0.005795 0.005832 49851.8 0.005792 0.005777 0.005814 62618.9 0.006912 0.006899 0.006925 63111.8 0.006860 0.006845 0.006880
6 60719.8 0.004763 0.004743 0.004801 59271.8 0.004873 0.004859 0.004890 77048.1 0.005621 0.005607 0.005642 76663.4 0.005649 0.005635 0.005696
7 68265.6 0.004235 0.004219 0.004262 69347.2 0.004180 0.004153 0.004226 87079.0 0.004984 0.004961 0.005105 86538.3 0.005040 0.004992 0.005112
8 73152.0 0.004027 0.003937 0.004132 73561.9 0.003991 0.003915 0.004095 87520.6 0.005071 0.004936 0.005358 87343.4 0.005063 0.004946 0.005206
9 74285.7 0.003955 0.003877 0.004051 76516.1 0.003868 0.003764 0.004022 85951.3 0.005148 0.005026 0.005292 85865.8 0.005152 0.005031 0.005309
10 87406.6 0.003355 0.003295 0.003428 88398.1 0.003342 0.003258 0.003446 102369.5 0.004293 0.004220 0.004387 101840.1 0.004323 0.004242 0.004495
11 86301.3 0.003397 0.003337 0.003513 85841.4 0.003443 0.003355 0.003620 97123.7 0.004542 0.004448 0.004809 97207.0 0.004530 0.004444 0.004665
12 93625.8 0.003135 0.003076 0.003276 92848.5 0.003154 0.003102 0.003253 104930.5 0.004176 0.004117 0.004316 104573.2 0.004198 0.004131 0.004381
13 95362.7 0.003094 0.003020 0.003211 95107.4 0.003100 0.003028 0.003280 106484.4 0.004124 0.004057 0.004270 106641.1 0.004113 0.004051 0.004213
14 118091.7 0.002461 0.002439 0.002485 116038.4 0.002497 0.002482 0.002550 136708.9 0.003170 0.003160 0.003191 135553.2 0.003202 0.003187 0.003217
15 108766.4 0.002662 0.002648 0.002688 114836.0 0.002520 0.002508 0.002531 127439.8 0.003409 0.003390 0.003425 126647.0 0.003419 0.003411 0.003429
16 126157.7 0.002307 0.002283 0.002330 124033.2 0.002344 0.002322 0.002380 142157.5 0.003057 0.003039 0.003072 143656.5 0.003025 0.003007 0.003038
17 118034.0 0.002453 0.002440 0.002468 118671.7 0.002436 0.002427 0.002456 134997.7 0.003207 0.003200 0.003215 133831.1 0.003235 0.003228 0.003246
18 117505.8 0.002476 0.002451 0.002632 119801.6 0.002437 0.002404 0.002601 136585.2 0.003187 0.003163 0.003339 136103.0 0.003204 0.003174 0.003327
19 120856.4 0.002397 0.002383 0.002424 122610.6 0.002378 0.002349 0.002438 135847.9 0.003201 0.003180 0.003254 137497.3 0.003167 0.003142 0.003316
20 131815.8 0.002201 0.002185 0.002221 125268.0 0.002329 0.002299 0.002359 147696.4 0.002941 0.002925 0.002955 145164.2 0.002984 0.002976 0.002999
21 119552.6 0.002424 0.002409 0.002438 128465.3 0.002252 0.002242 0.002283 138952.4 0.003121 0.003109 0.003152 135685.1 0.003201 0.003184 0.003236
22 132830.4 0.002204 0.002168 0.002246 135269.8 0.002155 0.002129 0.002184 147096.9 0.002948 0.002937 0.002958 146834.6 0.002964 0.002942 0.002978
23 115285.3 0.002542 0.002498 0.002695 103634.1 0.002826 0.002779 0.002926 122693.6 0.003537 0.003521 0.003580 125004.4 0.003522 0.003456 0.003597
24 101834.4 0.002885 0.002828 0.002989 101338.9 0.002895 0.002842 0.003017 111682.7 0.003894 0.003868 0.003937 113027.2 0.003859 0.003822 0.003927
25 108065.8 0.002691 0.002665 0.002767 103297.4 0.002804 0.002788 0.002847 120266.8 0.003607 0.003592 0.003639 120163.1 0.003628 0.003595 0.003662
26 110004.5 0.002641 0.002618 0.002691 112809.1 0.002579 0.002553 0.002623 127736.3 0.003426 0.003382 0.003571 124250.1 0.003493 0.003477 0.003578
27 106861.2 0.002713 0.002695 0.002782 106269.0 0.002725 0.002710 0.002771 117834.4 0.003674 0.003666 0.003687 118878.1 0.003649 0.003634 0.003725
28 100983.1 0.002870 0.002852 0.002941 104803.0 0.002767 0.002748 0.002826 117803.7 0.003690 0.003667 0.003702 115168.1 0.003761 0.003751 0.003789
29 112243.0 0.002588 0.002566 0.002602 113519.4 0.002558 0.002537 0.002577 128497.2 0.003376 0.003362 0.003393 130835.4 0.003313 0.003302 0.003322
30 105572.4 0.002770 0.002728 0.002853 106785.7 0.002760 0.002697 0.002860 119568.4 0.003659 0.003613 0.003728 119237.9 0.003678 0.003623 0.003791
31 82241.3 0.003562 0.003502 0.003619 84431.4 0.003486 0.003411 0.003565 96364.4 0.004534 0.004483 0.004621 95874.9 0.004553 0.004506 0.004597
32 110548.1 0.002636 0.002605 0.002700 110690.0 0.002639 0.002602 0.002717 123077.0 0.003530 0.003510 0.003578 126461.4 0.003453 0.003416 0.003551
33 103669.7 0.002803 0.002778 0.002936 110215.3 0.002632 0.002613 0.002650 121590.3 0.003563 0.003553 0.003575 119766.0 0.003618 0.003607 0.003633
34 116925.7 0.002476 0.002463 0.002486 126540.9 0.002290 0.002276 0.002306 138601.6 0.003123 0.003117 0.003130 136410.4 0.003176 0.003167 0.003187
35 105067.4 0.002760 0.002741 0.002818 101800.1 0.002858 0.002829 0.002930 119694.8 0.003631 0.003609 0.003739 119766.0 0.003630 0.003607 0.003664
36 107747.7 0.002738 0.002673 0.002945 105149.7 0.002781 0.002739 0.002913 121484.4 0.003584 0.003556 0.003637 122172.4 0.003570 0.003536 0.003632
37 107498.4 0.002711 0.002679 0.002753 105268.8 0.002762 0.002736 0.002782 126913.2 0.003430 0.003404 0.003548 128835.3 0.003369 0.003353 0.003420
38 98737.9 0.002928 0.002917 0.002942 100839.8 0.002872 0.002856 0.002887 117681.3 0.003680 0.003671 0.003687 117141.2 0.003696 0.003688 0.003706
39 108065.8 0.002712 0.002665 0.002770 109466.2 0.002707 0.002631 0.002751 119371.5 0.003627 0.003619 0.003634 119371.5 0.003629 0.003619 0.003644
40 98456.2 0.003111 0.002925 0.003485 103634.1 0.002917 0.002779 0.003343 121688.3 0.003791 0.003550 0.004375 121281.1 0.003756 0.003562 0.004198
